<?xml version="1.0" encoding="UTF-8" standalone="no"?>
<!-- Created with Inkscape (http://www.inkscape.org/) -->

<svg
   width="50mm"
   height="50mm"
   viewBox="0 0 50 50"
   version="1.1"
   id="svg5"
   inkscape:version="1.1.2 (0a00cf5339, 2022-02-04)"
   sodipodi:docname="man.svg"
   xmlns:inkscape="http://www.inkscape.org/namespaces/inkscape"
   xmlns:sodipodi="http://sodipodi.sourceforge.net/DTD/sodipodi-0.dtd"
   xmlns="http://www.w3.org/2000/svg"
   xmlns:svg="http://www.w3.org/2000/svg">
  <sodipodi:namedview
     id="namedview7"
     pagecolor="#505050"
     bordercolor="#ffffff"
     borderopacity="1"
     inkscape:pageshadow="0"
     inkscape:pageopacity="0"
     inkscape:pagecheckerboard="1"
     inkscape:document-units="mm"
     showgrid="false"
     inkscape:zoom="2.5883932"
     inkscape:cx="58.14418"
     inkscape:cy="69.541212"
     inkscape:window-width="1920"
     inkscape:window-height="1011"
     inkscape:window-x="0"
     inkscape:window-y="0"
     inkscape:window-maximized="1"
     inkscape:current-layer="layer1" />
  <defs
     id="defs2">
    <inkscape:perspective
       sodipodi:type="inkscape:persp3d"
       inkscape:vp_x="0 : 25 : 1"
       inkscape:vp_y="0 : 1000 : 0"
       inkscape:vp_z="50 : 25 : 1"
       inkscape:persp3d-origin="25 : 16.666667 : 1"
       id="perspective4150" />
  </defs>
  <g
     inkscape:label="Layer 1"
     inkscape:groupmode="layer"
     id="layer1">
    <path
       id="path3347"
       style="color:#000000;fill:none;stroke:#00ff00;stroke-width:1;stroke-opacity:1;-inkscape-stroke:none"
       d="m 24.974651,1.3477213 c -1.326348,-3.64e-5 -2.603331,0.6583856 -3.343465,1.845882 -1.154508,1.8523331 -0.572674,4.1510482 1.065568,5.3128542 v 1.4701943 c -0.830291,0.00653 -1.611805,0.014916 -2.217953,0.025321 -0.366433,0.0063 -0.675692,0.01424 -0.907954,0.02171 -0.232263,0.0075 -0.385395,0.01423 -0.447519,0.02325 -0.645541,0.09366 -1.193411,0.24592 -1.622639,0.451135 -0.977817,0.467495 -1.509081,1.390833 -1.72496,2.989999 -0.02666,0.197468 -0.04289,0.659409 -0.05271,1.753898 -0.0098,1.094487 -0.01189,2.82137 -0.01189,5.54333 0,3.287095 -3.7e-5,4.98995 0.01189,5.901964 0.006,0.45601 0.01448,0.715823 0.02739,0.875401 0.01291,0.159575 0.03205,0.221374 0.05478,0.28112 0.263408,0.692443 0.800793,1.073761 1.513603,1.070218 0.708003,-0.0035 1.311276,-0.469294 1.515669,-1.167887 0.0067,-0.02278 0.01196,-0.06388 0.01757,-0.134876 0.0056,-0.07099 0.0111,-0.170043 0.01757,-0.295072 0.01293,-0.25006 0.02652,-0.608136 0.04289,-1.073836 0.03275,-0.9314 0.0732,-2.292843 0.119372,-4.076237 0.03829,-1.479183 0.0736,-2.860127 0.09922,-3.894336 0.02562,-1.034208 0.04281,-1.71868 0.04341,-1.810742 l 0.0015,-0.304891 h 0.387057 0.388607 v 15.205273 c 4.58e-4,8.292798 -0.0044,12.181207 0.02739,14.07201 0.0159,0.945401 0.04075,1.392176 0.0801,1.640726 0.03935,0.24855 0.09508,0.300847 0.165881,0.44545 0.258832,0.528603 0.858527,0.985872 1.441256,1.099674 0.958737,0.187235 1.95352,-0.287729 2.384867,-1.138949 0.06226,-0.122867 0.109714,-0.208478 0.146761,-0.404109 0.03705,-0.195627 0.06469,-0.50243 0.08785,-1.074353 0.04632,-1.143839 0.07667,-3.351763 0.144177,-7.859467 0.03486,-2.328135 0.0698,-4.493508 0.09767,-6.109189 0.01393,-0.807839 0.02755,-1.479217 0.03721,-1.962671 0.0097,-0.483452 0.01611,-0.781429 0.01964,-0.840259 l 0.02532,-0.425812 h 0.380856 0.378788 l 0.02739,0.474906 c 0.0036,0.06605 0.01001,0.369752 0.01964,0.85731 0.0096,0.487561 0.02138,1.159653 0.03514,1.968873 0.02751,1.618441 0.06138,3.782439 0.0956,6.101438 0.06783,4.596701 0.0967,6.788075 0.146761,7.902358 0.02503,0.557143 0.0556,0.844997 0.09922,1.031462 0.04362,0.186465 0.101034,0.270806 0.176216,0.411861 0.40662,0.762897 1.343127,1.217041 2.216402,1.07642 0.914495,-0.147257 1.577289,-0.789297 1.773536,-1.71514 0.01585,-0.07479 0.02603,-0.272278 0.03514,-0.736389 0.0091,-0.464111 0.01675,-1.191104 0.0217,-2.312521 0.0099,-2.242834 0.01309,-6.061549 0.01344,-12.503629 V 16.15612 h 0.388606 0.387057 v 0.158129 c -0.0023,0.389054 0.0593,3.070193 0.126607,5.69526 0.03365,1.312533 0.06928,2.610867 0.09767,3.59978 0.0142,0.494456 0.02509,0.911753 0.03514,1.214912 0.005,0.15158 0.01032,0.273275 0.01395,0.363287 0.0036,0.09001 0.0075,0.146304 0.0098,0.167947 0.05064,0.481377 0.225817,0.873778 0.499711,1.144635 0.273894,0.270854 0.64449,0.41961 1.082104,0.41961 0.836643,0 1.439993,-0.5599 1.580266,-1.460891 0.0053,-0.03416 0.0097,-0.110276 0.01344,-0.232027 0.0037,-0.12175 0.0069,-0.285302 0.0098,-0.486275 0.0057,-0.401947 0.0095,-0.951565 0.01188,-1.597836 0.0048,-1.292542 0.0041,-2.976758 -0.0021,-4.662248 -0.0062,-1.685491 -0.01669,-3.373153 -0.03101,-4.672066 -0.0072,-0.649457 -0.01718,-1.200415 -0.02584,-1.607137 -0.0043,-0.203361 -0.0067,-0.369498 -0.01137,-0.494026 -0.0046,-0.124529 -0.01009,-0.205776 -0.0155,-0.242363 -0.199431,-1.350107 -0.584207,-2.161268 -1.283642,-2.693375 -0.618802,-0.470785 -1.45173,-0.690104 -2.9099,-0.7715297 -0.375058,-0.020944 -1.443109,-0.031905 -2.737817,-0.035657 v -1.46451 C 27.597038,8.2669761 27.891016,7.991131 28.117503,7.6935869 28.67427,6.9621439 28.934136,6.188887 28.928307,5.2771969 28.923993,4.5825915 28.811433,4.1155479 28.492782,3.4747231 28.296315,3.0796156 28.189017,2.9387437 27.771896,2.5212931 27.366796,2.1158749 27.205264,1.992159 26.832419,1.8009236 26.366697,1.5620524 25.876743,1.4195079 25.387029,1.3689087 25.249297,1.3546777 25.111859,1.3477251 24.974651,1.3477213 Z" />
  </g>
</svg>
